d -1 -5 0
d -1 -5 0
d -1 -5 0
d -1 -5 0
d -1 -5 0
d -1 -5 0
d -1 -9 0
d -1 -9 0
d -1 -9 0
d -1 -9 0
d -1 -9 0
d -1 -9 0
d -5 -9 0
d -5 -9 0
d -5 -9 0
d -5 -9 0
d -5 -9 0
d -5 -9 0
d -13 -17 0
d -13 -17 0
d -13 -17 0
d -13 -17 0
d -13 -17 0
d -13 -17 0
d -21 -25 0
d -21 -25 0
d -21 -25 0
d -21 -25 0
d -21 -25 0
d -21 -25 0
d -29 -33 0
d -29 -33 0
d -29 -33 0
d -29 -33 0
d -29 -33 0
d -29 -33 0
d -29 -37 0
d -29 -37 0
d -29 -37 0
d -29 -37 0
d -29 -37 0
d -29 -37 0
d -33 -37 0
d -33 -37 0
d -33 -37 0
d -33 -37 0
d -33 -37 0
d -33 -37 0
d -41 -45 0
d -41 -45 0
d -41 -45 0
d -41 -45 0
d -41 -45 0
d -41 -45 0
d -49 -53 0
d -49 -53 0
d -49 -53 0
d -49 -53 0
d -49 -53 0
d -49 -53 0
d -57 -61 0
d -57 -61 0
d -57 -61 0
d -57 -61 0
d -57 -61 0
d -57 -61 0
d -2 -6 0
d -2 -6 0
d -2 -6 0
d -2 -6 0
d -2 -6 0
d -2 -6 0
d -2 -10 0
d -2 -10 0
d -2 -10 0
d -2 -10 0
d -2 -10 0
d -2 -10 0
d -6 -10 0
d -6 -10 0
d -6 -10 0
d -6 -10 0
d -6 -10 0
d -6 -10 0
d -14 -18 0
d -14 -18 0
d -14 -18 0
d -14 -18 0
d -14 -18 0
d -14 -18 0
d -22 -26 0
d -22 -26 0
d -22 -26 0
d -22 -26 0
d -22 -26 0
d -22 -26 0
d -30 -34 0
d -30 -34 0
d -30 -34 0
d -30 -34 0
d -30 -34 0
d -30 -34 0
d -30 -38 0
d -30 -38 0
d -30 -38 0
d -30 -38 0
d -30 -38 0
d -30 -38 0
d -34 -38 0
d -34 -38 0
d -34 -38 0
d -34 -38 0
d -34 -38 0
d -34 -38 0
d -42 -46 0
d -42 -46 0
d -42 -46 0
d -42 -46 0
d -42 -46 0
d -42 -46 0
d -50 -54 0
d -50 -54 0
d -50 -54 0
d -50 -54 0
d -50 -54 0
d -50 -54 0
d -58 -62 0
d -58 -62 0
d -58 -62 0
d -58 -62 0
d -58 -62 0
d -58 -62 0
d -4 -8 0
d -4 -8 0
d -4 -8 0
d -4 -8 0
d -4 -8 0
d -4 -8 0
d -4 -12 0
d -4 -12 0
d -4 -12 0
d -4 -12 0
d -4 -12 0
d -4 -12 0
d -8 -12 0
d -8 -12 0
d -8 -12 0
d -8 -12 0
d -8 -12 0
d -8 -12 0
d -16 -20 0
d -16 -20 0
d -16 -20 0
d -16 -20 0
d -16 -20 0
d -16 -20 0
d -24 -28 0
d -24 -28 0
d -24 -28 0
d -24 -28 0
d -24 -28 0
d -24 -28 0
d -32 -36 0
d -32 -36 0
d -32 -36 0
d -32 -36 0
d -32 -36 0
d -32 -36 0
d -32 -40 0
d -32 -40 0
d -32 -40 0
d -32 -40 0
d -32 -40 0
d -32 -40 0
d -36 -40 0
d -36 -40 0
d -36 -40 0
d -36 -40 0
d -36 -40 0
d -36 -40 0
d -44 -48 0
d -44 -48 0
d -44 -48 0
d -44 -48 0
d -44 -48 0
d -44 -48 0
d -52 -56 0
d -52 -56 0
d -52 -56 0
d -52 -56 0
d -52 -56 0
d -52 -56 0
d -60 -64 0
d -60 -64 0
d -60 -64 0
d -60 -64 0
d -60 -64 0
d -60 -64 0
d -3 -7 0
d -3 -7 0
d -3 -7 0
d -3 -7 0
d -3 -7 0
d -3 -7 0
d -3 -11 0
d -3 -11 0
d -3 -11 0
d -3 -11 0
d -3 -11 0
d -3 -11 0
d -7 -11 0
d -7 -11 0
d -7 -11 0
d -7 -11 0
d -7 -11 0
d -7 -11 0
d -15 -19 0
d -15 -19 0
d -15 -19 0
d -15 -19 0
d -15 -19 0
d -15 -19 0
d -23 -27 0
d -23 -27 0
d -23 -27 0
d -23 -27 0
d -23 -27 0
d -23 -27 0
d -31 -35 0
d -31 -35 0
d -31 -35 0
d -31 -35 0
d -31 -35 0
d -31 -35 0
d -31 -39 0
d -31 -39 0
d -31 -39 0
d -31 -39 0
d -31 -39 0
d -31 -39 0
d -35 -39 0
d -35 -39 0
d -35 -39 0
d -35 -39 0
d -35 -39 0
d -35 -39 0
d -43 -47 0
d -43 -47 0
d -43 -47 0
d -43 -47 0
d -43 -47 0
d -43 -47 0
d -51 -55 0
d -51 -55 0
d -51 -55 0
d -51 -55 0
d -51 -55 0
d -51 -55 0
d -59 -63 0
d -59 -63 0
d -59 -63 0
d -59 -63 0
d -59 -63 0
d -59 -63 0
56 48 24 20 60 5 6 0
59 60 19 24 20 23 38 62 57 0
