101
0 5
0 13
0 18
0 84
1 4
1 79
1 83
1 84
2 23
2 35
2 80
2 83
3 7
3 9
3 39
3 77
4 6
4 44
4 76
5 6
5 19
5 46
6 30
6 93
7 12
7 61
7 94
8 11
8 15
8 22
8 74
9 10
9 97
9 99
10 45
10 63
11 14
11 36
11 98
12 32
12 75
14 23
15 59
15 67
15 92
16 20
16 36
16 95
16 96
17 21
17 62
17 78
17 88
18 28
18 73
18 89
19 38
20 54
20 63
20 85
21 24
21 33
21 40
22 41
22 46
23 34
23 59
24 39
24 70
25 53
25 49
25 91
25 94
26 27
26 32
26 44
26 71
27 28
28 49
28 57
29 45
29 48
29 52
29 96
30 37
30 50
30 91
31 59
31 32
31 75
31 90
33 36
33 68
34 69
34 53
34 47
35 36
35 57
35 81
37 54
39 61
39 43
41 81
42 49
42 66
42 62
42 85
43 70
44 67
46 60
47 66
47 87
47 90
48 65
49 65
50 54
51 55
51 62
51 68
51 78
52 69
53 82
56 63
56 58
56 99
57 97
58 69
58 73
60 64
63 86
65 92
67 87
69 100
71 89
72 74
72 80
76 86
77 79
82 100
88 98
93 95
