70
0 1
0 5
0 13
0 18
1 2
1 3
1 4
2 8
2 23
2 35
3 7
3 9
3 39
4 63
4 6
4 44
5 6
5 19
5 46
6 16
6 30
7 12
7 25
7 61
8 11
8 15
8 22
9 10
9 56
9 57
10 45
10 63
11 14
11 17
11 36
12 31
12 32
14 23
15 65
15 59
15 67
16 20
16 29
16 36
17 21
17 51
17 62
18 26
18 58
18 28
19 38
20 42
20 54
20 63
21 24
21 33
21 40
22 41
22 46
23 34
23 59
24 39
24 43
25 30
25 53
25 49
26 27
26 32
26 44
27 28
28 49
28 57
29 45
29 48
29 52
30 37
30 50
31 47
31 59
31 32
33 36
33 68
34 69
34 53
34 47
35 41
35 36
35 57
37 54
39 61
39 43
42 49
42 66
42 62
44 67
46 60
47 67
47 66
48 65
49 65
50 54
51 55
51 62
51 68
52 69
53 69
56 63
56 58
58 69
60 64
